25 27 20 35 07 43 01
34 49 05 19 36 09 23
33 10 43 34 49 31 40
29 02 24 35 21 47 18
06 22 45 40 26 27 13
05 16 38 03 35 26 09
29 47 15 38 34 10 18
29 49 25 36 17 27 23
32 31 03 02 23 43 40
46 16 02 12 38 45 14
33 08 23 35 02 34 43
42 18 31 14 29 25 06
13 11 30 37 14 04 20
13 29 40 27 01 09 20
22 34 41 29 13 18 23
32 39 19 13 33 03 24
13 39 22 09 08 38 11
28 20 34 49 04 12 43
19 30 33 08 29 41 04
42 16 08 47 48 32 35
25 44 28 47 14 27 04
42 33 29 13 40 08 03
17 46 19 32 39 14 36
42 09 26 15 01 44 25
26 11 40 12 04 37 07
04 01 14 07 37 31 11
20 12 35 13 11 43 44
10 18 02 01 37 12 43
21 28 34 18 30 40 14
34 48 17 07 42 04 03
08 13 30 18 41 33 20
32 17 20 22 05 14 33
26 37 31 18 11 15 10
16 46 10 41 09 44 39
36 42 47 12 08 01 40
21 12 40 19 08 09 24
36 19 20 47 24 15 04
33 01 18 17 36 13 22
29 42 23 43 12 40 20
14 09 36 48 32 15 25
18 10 12 20 23 36 06
20 28 27 23 46 30 29
20 24 46 28 01 38 40
02 17 07 09 19 06 26
43 46 26 20 38 47 35
44 43 12 08 49 21 27
40 17 08 07 19 27 02
38 04 49 20 32 10 07
49 28 02 37 47 10 07
25 15 01 05 21 14 31
22 10 35 07 32 25 27
18 17 28 33 32 30 01
09 01 37 35 48 04 43
31 02 46 32 27 18 44
06 16 47 12 41 05 07
46 26 01 22 47 19 39
15 49 14 37 04 41 38
14 26 03 40 18 43 15
27 21 22 11 20 32 12
15 03 32 09 41 30 26
42 14 47 32 45 30 04
16 02 24 47 25 48 40
48 06 12 42 45 34 02
24 04 22 28 46 45 07
18 47 16 22 14 30 11
26 16 36 22 14 42 19
17 38 13 33 20 05 14
31 22 35 48 44 18 06
34 31 47 35 08 18 39
15 14 39 37 30 24 26
36 26 11 01 16 14 39
10 18 16 29 45 07 01
06 10 18 33 21 22 04
35 06 29 35 42 03 36
15 05 20 32 37 29 18
01 26 38 39 11 22 27
40 27 47 22 07 19 13
03 08 36 11 38 23 33
04 33 12 09 42 37 03
39 15 40 36 16 34 42
04 46 16 18 34 35 47
47 01 29 10 13 02 09
13 15 43 18 17 20 39
13 43 23 41 26 40 14
25 35 07 31 28 02 11
03 30 33 23 14 44 21
24 41 02 08 39 44 40
07 18 40 04 30 28 29
42 02 03 04 18 13 12
12 03 13 36 24 17 16
04 38 12 39 17 37 41
15 21 37 03 09 18 42
18 25 23 14 08 20 44
07 05 12 48 49 01 16
06 44 46 31 29 18 08
31 35 46 26 16 39 03
07 03 46 33 36 06 04
40 15 21 10 44 17 12
48 20 45 25 39 15 28
24 05 20 02 27 32 12
25 29 22 20 49 24 36
06 19 04 39 42 32 34
12 32 16 04 10 30 14
38 31 27 17 32 30 11
41 24 40 34 10 45 35
35 27 10 38 09 08 46
10 22 01 28 46 33 37
27 46 03 35 28 44 12
31 45 09 48 30 12 46
11 26 35 47 08 06 01
39 43 40 08 16 32 29
20 11 29 41 02 49 45
36 43 12 47 04 09 26
12 23 39 01 34 22 30
31 02 28 23 13 30 03
29 47 48 31 42 01 40
42 18 41 34 08 24 31
18 13 34 01 32 49 44
31 32 06 46 12 08 04
20 45 48 19 49 29 08
11 27 32 37 33 16 24
41 33 04 35 36 49 01
14 47 03 43 32 37 26
16 13 02 28 40 44 46
16 26 31 47 49 07 44
01 49 30 18 04 25 15
26 44 34 19 37 32 11
15 02 48 27 37 36 23
16 33 08 05 03 26 24
29 30 35 25 34 06 20
09 15 17 44 11 19 07
16 11 28 27 32 24 48
47 08 34 28 12 02 07
03 42 14 20 38 30 13
36 39 07 32 12 34 05
38 45 36 03 17 30 08
23 16 41 38 39 09 19
43 28 27 30 37 45 40
03 04 46 49 02 31 34
03 27 10 42 24 20 45